Starting Dynare (version 6.5).
Calling Dynare with arguments: none
Starting preprocessing of the model file ... 
Found 39 equation(s). 
Evaluating expressions... 
Computing static model derivatives (order 1). 
Normalizing the static model... 
Finding the optimal block decomposition of the static model... 
12 block(s) found: 
  11 recursive block(s) and 1 simultaneous block(s). 
  the largest simultaneous block has 28 equation(s) 
                                 and 28 feedback variable(s). 
Computing dynamic model derivatives (order 1). 
Normalizing the dynamic model... 
Finding the optimal block decomposition of the dynamic model... 
8 block(s) found: 
  7 recursive block(s) and 1 simultaneous block(s). 
  the largest simultaneous block has 30 equation(s) 
                                 and 30 feedback variable(s). 
Preprocessing completed. 
Preprocessing time: 0h00m00s.

EIGENVALUES:
         Modulus             Real        Imaginary
               0                0                0
       1.716e-17        1.716e-17                0
       2.623e-17        2.623e-17                0
       1.587e-16        1.587e-16                0
       1.751e-16        1.751e-16                0
       2.607e-16        2.607e-16                0
          0.1651           0.1651                0
            0.66             0.66                0
          0.7683           0.7683                0
           0.779            0.779                0
            0.95             0.95                0
            0.95             0.95                0
          0.9611           0.9611                0
            1.01             1.01                0
           1.019            1.019                0
           1.051            1.051                0
           1.297            1.297                0
           1.305             1.28           0.2532
           1.305             1.28          -0.2532
       3.024e+18        3.024e+18                0
       7.092e+18        7.092e+18                0
       3.045e+21       -3.045e+21                0
       3.373e+23       -3.373e+23                0
             Inf              Inf                0

There are 11 eigenvalue(s) larger than 1 in modulus for 11 forward-looking variable(s)
The rank condition is verified.


STEADY-STATE RESULTS:

Y        		 -0.191705
Ym       		 -0.191705
K        		 1.70419
Keff     		 1.70419
L        		 -1.12561
I        		 -1.98436
C        		 -0.657264
G        		 -1.77339
Q        		 0.00458301
varrho   		 0.657264
Lambda   		 0
Rk       		 0.0125223
R        		 0.0100503
N        		 0.322482
Ne       		 0.313531
Nn       		 -4.39797
nu       		 -5.58873
eta      		 0.412786
phi      		 1.38629
z        		 0.0199017
x        		 0.0199017
Pm       		 -0.274412
w        		 0.259017
VMPK     		 -3.27897
U        		 0.000213616
X        		 0.274412
D        		 8.03786e-15
F        		 1.00883
Z        		 1.28325
i        		 0.0100503
prem     		 0.00247194
delta    		 -3.68856
In       		 0
Welf     		 -129.294
a        		 0
ksi      		 0
g        		 0
infl     		 -1.9432e-10
inflstar 		 -7.14201e-10

MODEL SUMMARY

  Number of variables:         39
  Number of stochastic shocks: 5
  Number of state variables:   13
  Number of jumpers:           11
  Number of static variables:  17


MATRIX OF COVARIANCE OF EXOGENOUS SHOCKS
Variables         e_a     e_ksi       e_g      e_Ne       e_i
e_a          0.000000  0.000000  0.000000  0.000000  0.000000
e_ksi        0.000000  0.002500  0.000000  0.000000  0.000000
e_g          0.000000  0.000000  0.000000  0.000000  0.000000
e_Ne         0.000000  0.000000  0.000000  0.000000  0.000000
e_i          0.000000  0.000000  0.000000  0.000000  0.000000

POLICY AND TRANSITION FUNCTIONS
                                   Y              Ym               K            Keff               L               I               C               G               Q          varrho          Lambda              Rk               R               N              Ne              Nn              nu             eta             phi               z               x              Pm               w            VMPK               U               X               D               F               Z               i            prem           delta              In            Welf               a             ksi               g            infl        inflstar
Constant                   -0.191705       -0.191705        1.704194        1.704194       -1.125611       -1.984364       -0.657264       -1.773387        0.004583        0.657264               0        0.012522        0.010050        0.322482        0.313531       -4.397973       -5.588729        0.412786        1.386294        0.019902        0.019902       -0.274412        0.259017       -3.278971        0.000214        0.274412               0        1.008834        1.283246        0.010050        0.002472       -3.688558               0     -129.294383               0               0               0               0               0
K(-1)                      -0.652821       -0.652821        0.827724        1.000000       -1.341952       -6.270896        0.632191               0       -0.180999       -0.632191       -0.632191       -0.246378       -0.104672       -0.962249       -0.978265        0.819001        3.059002        1.578690        1.608974       -0.978265        0.630709       -0.427319        0.261812       -2.080137       -0.253676        0.427319               0       -0.828753       -0.499623       -0.193475        0.110626       -0.382085       -0.946991       10.519023               0               0               0       -0.093373       -0.422503
Q(-1)                      -1.554390       -1.554390       -0.263377               0       -2.179640      -10.960868        0.444678               0       -0.272856       -0.444678       -0.444678       -1.345428       -0.185084       -5.296971       -5.342144       -0.272856        9.051175        4.671131        4.760738       -5.342144       -0.581406       -0.782152       -0.156903       -2.336539       -0.284944        0.782152               0       -1.486790       -0.976464       -0.314936        0.241734       -0.429181       -1.447770       -3.837354               0               0               0       -0.144778       -0.655105
varrho(-1)                         0               0               0               0               0               0               0               0               0               0       -1.000000               0               0               0               0               0               0               0               0               0               0               0               0               0               0               0               0               0               0               0               0               0               0               0               0               0               0               0               0
R(-1)                      -1.162915       -1.162915       -0.197045               0       -1.630694       -8.200356        0.332685               0       -0.204137       -0.332685       -0.332685       -0.258431       -0.138470       -3.962920       -3.996716       -0.204137        6.771622        3.494699        3.561738       -3.996716       -0.434978       -0.585166       -0.117387       -1.748078       -0.213181        0.585166               0       -1.112340       -0.730540       -0.235619        0.180853       -0.321091       -1.083146       -2.870910               0               0               0       -0.108316       -0.490116
N(-1)                       0.391476        0.391476        0.066332               0        0.548946        2.760513       -0.111993               0        0.068719        0.111993        0.111993        0.086997        0.046614        1.334051        1.345428        0.068719       -2.279553       -1.176432       -1.199000        0.345428       -0.853572        0.196986        0.039516        0.588461        0.071764       -0.196986               0        0.374451        0.245924        0.079317       -0.060881        0.108090        0.364623        0.966444               0               0               0        0.036463        0.164989
phi(-1)                     0.003838        0.003838        0.000650               0        0.005381        0.027061       -0.001098               0        0.000674        0.001098        0.001098        0.000853        0.000457        0.013078        0.013189        0.000674       -0.022346       -0.011533       -0.011754        0.013189       -0.998565        0.001931        0.000387        0.005769        0.000703       -0.001931               0        0.003671        0.002411        0.000778       -0.000597        0.001060        0.003574        0.009474               0               0               0        0.000357        0.001617
D(-1)                      -1.575157       -0.796157       -0.195275               0       -1.126090       -7.998725       -0.377705               0       -0.199118        0.377705        0.377705       -0.230310       -0.043179       -0.908091       -0.914466       -0.199118        0.976649        0.504029        0.513698       -0.914466       -0.400768       -0.239439       -0.688505       -1.814593       -0.126292        0.239439        0.779000       -0.440768       -0.475452       -0.015170        0.110092       -0.190220       -1.073419       -6.526327               0               0               0        0.009840        0.044523
a(-1)                       2.094951        2.094951        0.241956               0        1.552018       10.154807        0.631169               0        0.252791       -0.631169       -0.631169        0.334553        0.115504        1.318787        1.328372        0.252791       -1.566677       -0.808531       -0.824041        1.328372        0.504331        0.516594        1.059526        2.611540        0.318481       -0.516594               0        1.556289        1.314685        0.167388       -0.129122        0.479694        1.330018       29.995230        0.950000               0               0        0.068543        0.310147
ksi(-1)                     2.942235        2.942235        1.061148        0.660000        3.812033       17.478382        0.029345               0        0.435101       -0.029345       -0.029345        1.227328        0.426137        4.839553        4.873220        1.095101       -6.356331       -3.280376       -3.343303        4.873220        1.529917        1.951265        1.081466        4.233493        0.516280       -1.951265               0        1.635774        0.866797        0.571143       -0.205491        0.777618        2.205091       27.384603               0        0.660000               0        0.218156        0.987133
g(-1)                       0.097986        0.097986       -0.006200               0        0.141040       -0.231999       -0.093269        0.950000       -0.005775        0.093269        0.093269       -0.002885       -0.001440       -0.011403       -0.011454       -0.005775       -0.001088       -0.000561       -0.000572       -0.011454       -0.012026       -0.011288       -0.054342        0.086697        0.010573        0.011288               0        0.147433        0.137366        0.002873        0.006715        0.015925       -0.034082       -4.372225               0               0        0.950000        0.002856        0.012923
infl(-1)                   -1.178306       -1.178306       -0.152340               0       -1.625374       -6.499240       -0.145117               0       -0.161790        0.145117        0.145117       -0.231925        0.083876       -0.914115       -0.920879       -0.161790        1.140700        0.588692        0.599985       -0.920879       -0.320894       -1.040789       -0.593720       -2.219091       -0.270621        1.040789               0       -0.774040       -0.473705        0.103595        0.034511       -0.407608       -0.837404       -1.071114               0               0               0        0.155796       -0.144540
e_a                        -2.205211       -2.205211       -0.254690               0       -1.633703      -10.689270       -0.664389               0       -0.266095        0.664389        0.664389       -0.352161       -0.121583       -1.388197       -1.398286       -0.266095        1.649134        0.851085        0.867411       -1.398286       -0.530875       -0.543783       -1.115291       -2.748990       -0.335243        0.543783               0       -1.638199       -1.383879       -0.176198        0.135918       -0.504941       -1.400019      -31.573926       -1.000000               0               0       -0.072150       -0.326471
e_ksi                      -4.457931       -4.457931       -1.607800       -1.000000       -5.775808      -26.482397       -0.044462               0       -0.659245        0.044462        0.044462       -1.859589       -0.645662       -7.332656       -7.383667       -1.659245        9.630804        4.970266        5.065611       -7.383667       -2.318056       -2.956462       -1.638585       -6.414383       -0.782243        2.956462               0       -2.478445       -1.313329       -0.865368        0.311350       -1.178209       -3.341047      -41.491823               0       -1.000000               0       -0.330540       -1.495657
e_g                        -0.103143       -0.103143        0.006526               0       -0.148463        0.244209        0.098178       -1.000000        0.006079       -0.098178       -0.098178        0.003037        0.001516        0.012003        0.012057        0.006079        0.001145        0.000591        0.000602        0.012057        0.012659        0.011882        0.057202       -0.091261       -0.011129       -0.011882               0       -0.155192       -0.144595       -0.003024       -0.007068       -0.016763        0.035875        4.602342               0               0       -1.000000       -0.003006       -0.013603
e_Ne                       -0.391476       -0.391476       -0.066332               0       -0.548946       -2.760513        0.111993               0       -0.068719       -0.111993       -0.111993       -0.086997       -0.046614       -1.334051       -1.345428       -0.068719        2.279553        1.176432        1.199000       -0.345428        0.853572       -0.196986       -0.039516       -0.588461       -0.071764        0.196986               0       -0.374451       -0.245924       -0.079317        0.060881       -0.108090       -0.364623       -0.966444               0               0               0       -0.036463       -0.164989
e_i                        -3.363778       -3.363778       -0.434756               0       -4.639972      -18.548512       -0.415672               0       -0.461741        0.415672        0.415672       -0.662003        0.382780       -2.609235       -2.628543       -0.461741        3.256279        1.680501        1.712738       -2.628543       -0.915806       -2.972499       -1.696304       -6.336267       -0.772717        2.972499               0       -1.928683       -1.209649        0.322456        0.068427       -1.163860       -2.389833       -2.777424               0               0               0       -0.203988       -0.923021


MOMENTS OF SIMULATED VARIABLES
VARIABLE              MEAN       STD. DEV.        VARIANCE        SKEWNESS        KURTOSIS
Y                -0.183594        0.312667        0.097761       -0.074598        0.189305
Ym               -0.183594        0.312667        0.097761       -0.074598        0.189305
K                 1.744193        0.809167        0.654752       -0.393170        0.545871
Keff              1.745471        0.830946        0.690471       -0.394212        0.547168
L                -1.131904        0.364667        0.132982       -0.030341        0.101141
I                -2.000102        1.610675        2.594272       -0.032334        0.137346
C                -0.640106        0.345502        0.119371       -0.386688        0.527041
G                -1.773387        0.000000        0.000000             NaN             NaN
Q                 0.003183        0.048230        0.002326        0.015320        0.074147
varrho            0.640106        0.345502        0.119371        0.386688        0.527041
Lambda            0.000162        0.042972        0.001847       -0.029556        0.164448
Rk                0.012252        0.096524        0.009317       -0.069917        0.147524
R                 0.009830        0.042774        0.001830        0.016204        0.152708
N                 0.392436        1.454217        2.114748       -0.376739        0.545400
Ne                0.383755        1.460152        2.132043       -0.376564        0.545257
Nn               -4.358096        0.807260        0.651668       -0.392799        0.545112
nu               -5.648340        1.295054        1.677166        0.339965        0.517887
eta               0.382022        0.668352        0.446694        0.339965        0.517887
phi               1.354940        0.681173        0.463996        0.339965        0.517887
z                 0.019022        0.366962        0.134661       -0.109829        0.184752
x                 0.019651        0.122940        0.015114       -0.060147        0.150496
Pm               -0.273395        0.175597        0.030834       -0.015751        0.175999
w                 0.274439        0.326040        0.106302       -0.359374        0.484618
VMPK             -3.311120        0.743599        0.552940        0.197841        0.243939
U                -0.003707        0.090683        0.008223        0.197841        0.243939
X                 0.273395        0.175597        0.030834        0.015751        0.175999
D                 0.000000        0.000000        0.000000       -0.293550        0.021709
F                 1.006614        0.151546        0.022966       -0.053404        0.123490
Z                 1.283318        0.074845        0.005602       -0.061634        0.187362
i                 0.008901        0.060594        0.003672        0.004498        0.096876
prem              0.002005        0.020635        0.000426        0.068087        0.204114
delta            -3.694463        0.136586        0.018656        0.197841        0.243939
In               -0.007026        0.243506        0.059295        0.012886        0.075197
Welf           -128.760642       11.116676      123.580476       -0.371112        0.500827
a                -0.000000        0.000000        0.000000             NaN             NaN
ksi               0.000791        0.068592        0.004705        0.030862        0.146760
g                 0.000000        0.000000        0.000000             NaN             NaN
infl             -0.000851        0.028540        0.000815        0.054043        0.075894
inflstar         -0.003144        0.111246        0.012376        0.017619        0.072935


CORRELATION OF SIMULATED VARIABLES
VARIABLE           Y        Ym         K      Keff         L         I         C         G         Q    varrho    Lambda        Rk         R         N        Ne        Nn        nu       eta       phi         z         x        Pm         w      VMPK         U         X         D         F         Z         i      prem     delta        In      Welf         a       ksi         g      infl  inflstar
Y             1.0000    1.0000    0.6270    0.5897    0.6208    0.7333    0.5320       NaN    0.3906   -0.5320   -0.5374    0.7792    0.8051    0.7571    0.7576    0.6303   -0.8438   -0.8438   -0.8438    0.6281    0.8028    0.9111    0.7553   -0.0233   -0.0233   -0.9111   -0.1637    0.6398    0.8307    0.6037   -0.9905   -0.0233    0.3920    0.7132       NaN    0.9564       NaN    0.3873    0.4120
Ym            1.0000    1.0000    0.6270    0.5897    0.6208    0.7333    0.5320       NaN    0.3906   -0.5320   -0.5374    0.7792    0.8051    0.7571    0.7576    0.6303   -0.8438   -0.8438   -0.8438    0.6281    0.8028    0.9111    0.7553   -0.0233   -0.0233   -0.9111   -0.1637    0.6398    0.8307    0.6037   -0.9905   -0.0233    0.3920    0.7132       NaN    0.9564       NaN    0.3873    0.4120
K             0.6270    0.6270    1.0000    0.9989   -0.2215   -0.0698    0.9931       NaN   -0.4722   -0.9931   -0.1397    0.0537    0.0564    0.9832    0.9830    1.0000   -0.9444   -0.9444   -0.9444   -0.0077    0.0718    0.2506    0.9840   -0.7934   -0.7934   -0.2506    0.4857   -0.1956    0.0977   -0.2349   -0.5327   -0.7934   -0.4709    0.9930       NaN    0.4024       NaN   -0.4610   -0.4504
Keff          0.5897    0.5897    0.9989    1.0000   -0.2671   -0.1166    0.9975       NaN   -0.5131   -0.9975   -0.1122    0.0088    0.0098    0.9736    0.9734    0.9987   -0.9282   -0.9282   -0.9282   -0.0457    0.0260    0.2048    0.9746   -0.8212   -0.8212   -0.2048    0.5134   -0.2414    0.0511   -0.2800   -0.4925   -0.8212   -0.5118    0.9864       NaN    0.3595       NaN   -0.5013   -0.4919
L             0.6208    0.6208   -0.2215   -0.2671    1.0000    0.9882   -0.3336       NaN    0.9641    0.3336   -0.5326    0.9210    0.9511   -0.0417   -0.0409   -0.2174   -0.1058   -0.1058   -0.1058    0.7935    0.9325    0.8882   -0.0448    0.7693    0.7693   -0.8882   -0.6937    0.9977    0.9416    0.9921   -0.7038    0.7693    0.9645   -0.1065       NaN    0.7923       NaN    0.9489    0.9691
I             0.7333    0.7333   -0.0698   -0.1166    0.9882    1.0000   -0.1856       NaN    0.9123    0.1856   -0.5711    0.9484    0.9824    0.1116    0.1125   -0.0656   -0.2566   -0.2566   -0.2566    0.8067    0.9635    0.9477    0.1083    0.6625    0.6625   -0.9477   -0.6326    0.9900    0.9786    0.9787   -0.8041    0.6625    0.9129    0.0468       NaN    0.8737       NaN    0.8994    0.9210
C             0.5320    0.5320    0.9931    0.9975   -0.3336   -0.1856    1.0000       NaN   -0.5717   -1.0000   -0.0654   -0.0551   -0.0600    0.9551    0.9549    0.9926   -0.8999   -0.8999   -0.8999   -0.0969   -0.0398    0.1365    0.9567   -0.8588   -0.8588   -0.1365    0.5512   -0.3084   -0.0182   -0.3465   -0.4301   -0.8588   -0.5705    0.9726       NaN    0.2941       NaN   -0.5604   -0.5516
G                NaN       NaN       NaN       NaN       NaN       NaN       NaN       NaN       NaN       NaN       NaN       NaN       NaN       NaN       NaN       NaN       NaN       NaN       NaN       NaN       NaN       NaN       NaN       NaN       NaN       NaN       NaN       NaN       NaN       NaN       NaN       NaN       NaN       NaN       NaN       NaN       NaN       NaN       NaN
Q             0.3906    0.3906   -0.4722   -0.5131    0.9641    0.9123   -0.5717       NaN    1.0000    0.5717   -0.4508    0.8150    0.8456   -0.3051   -0.3042   -0.4684    0.1612    0.1612    0.1612    0.7137    0.8212    0.7345   -0.3082    0.9111    0.9111   -0.7345   -0.7615    0.9548    0.8240    0.9618   -0.4916    0.9111    1.0000   -0.3662       NaN    0.6076       NaN    0.9847    0.9989
varrho       -0.5320   -0.5320   -0.9931   -0.9975    0.3336    0.1856   -1.0000       NaN    0.5717    1.0000    0.0654    0.0551    0.0600   -0.9551   -0.9549   -0.9926    0.8999    0.8999    0.8999    0.0969    0.0398   -0.1365   -0.9567    0.8588    0.8588    0.1365   -0.5512    0.3084    0.0182    0.3465    0.4301    0.8588    0.5705   -0.9726       NaN   -0.2941       NaN    0.5604    0.5516
Lambda       -0.5374   -0.5374   -0.1397   -0.1122   -0.5326   -0.5711   -0.0654       NaN   -0.4508    0.0654    1.0000   -0.3446   -0.6924   -0.2333   -0.2337   -0.1424    0.3001    0.3001    0.3001   -0.0069   -0.4038   -0.5830   -0.2337   -0.2383   -0.2383    0.5830    0.6515   -0.5034   -0.5119   -0.6239    0.5559   -0.2383   -0.4483   -0.2204       NaN   -0.6823       NaN   -0.5841   -0.4913
Rk            0.7792    0.7792    0.0537    0.0088    0.9210    0.9484   -0.0551       NaN    0.8150    0.0551   -0.3446    1.0000    0.9126    0.2260    0.2269    0.0577   -0.3610   -0.3610   -0.3610    0.9410    0.9976    0.9447    0.2259    0.5409    0.5409   -0.9447   -0.4646    0.9333    0.9671    0.8773   -0.8301    0.5409    0.8165    0.1606       NaN    0.8578       NaN    0.7573    0.8151
R             0.8051    0.8051    0.0564    0.0098    0.9511    0.9824   -0.0600       NaN    0.8456    0.0600   -0.6924    0.9126    1.0000    0.2319    0.2327    0.0606   -0.3681   -0.3681   -0.3681    0.7233    0.9371    0.9688    0.2300    0.5564    0.5564   -0.9688   -0.6401    0.9491    0.9673    0.9571   -0.8605    0.5564    0.8458    0.1736       NaN    0.9353       NaN    0.8579    0.8623
N             0.7571    0.7571    0.9832    0.9736   -0.0417    0.1116    0.9551       NaN   -0.3051   -0.9551   -0.2333    0.2260    0.2319    1.0000    1.0000    0.9839   -0.9886   -0.9886   -0.9886    0.1425    0.2467    0.4207    0.9993   -0.6703   -0.6703   -0.4207    0.3853   -0.0140    0.2775   -0.0583   -0.6780   -0.6703   -0.3035    0.9969       NaN    0.5557       NaN   -0.2983   -0.2822
Ne            0.7576    0.7576    0.9830    0.9734   -0.0409    0.1125    0.9549       NaN   -0.3042   -0.9549   -0.2337    0.2269    0.2327    1.0000    1.0000    0.9837   -0.9887   -0.9887   -0.9887    0.1433    0.2475    0.4215    0.9993   -0.6696   -0.6696   -0.4215    0.3848   -0.0131    0.2783   -0.0575   -0.6787   -0.6696   -0.3027    0.9968       NaN    0.5564       NaN   -0.2975   -0.2814
Nn            0.6303    0.6303    1.0000    0.9987   -0.2174   -0.0656    0.9926       NaN   -0.4684   -0.9926   -0.1424    0.0577    0.0606    0.9839    0.9837    1.0000   -0.9458   -0.9458   -0.9458   -0.0044    0.0759    0.2547    0.9847   -0.7908   -0.7908   -0.2547    0.4830   -0.1914    0.1019   -0.2308   -0.5363   -0.7908   -0.4671    0.9935       NaN    0.4063       NaN   -0.4572   -0.4466
nu           -0.8438   -0.8438   -0.9444   -0.9282   -0.1058   -0.2566   -0.8999       NaN    0.1612    0.8999    0.3001   -0.3610   -0.3681   -0.9886   -0.9887   -0.9458    1.0000    1.0000    1.0000   -0.2630   -0.3833   -0.5484   -0.9862    0.5529    0.5529    0.5484   -0.2995   -0.1349   -0.4180   -0.0864    0.7798    0.5529    0.1594   -0.9746       NaN   -0.6653       NaN    0.1589    0.1382
eta          -0.8438   -0.8438   -0.9444   -0.9282   -0.1058   -0.2566   -0.8999       NaN    0.1612    0.8999    0.3001   -0.3610   -0.3681   -0.9886   -0.9887   -0.9458    1.0000    1.0000    1.0000   -0.2630   -0.3833   -0.5484   -0.9862    0.5529    0.5529    0.5484   -0.2995   -0.1349   -0.4180   -0.0864    0.7798    0.5529    0.1594   -0.9746       NaN   -0.6653       NaN    0.1589    0.1382
phi          -0.8438   -0.8438   -0.9444   -0.9282   -0.1058   -0.2566   -0.8999       NaN    0.1612    0.8999    0.3001   -0.3610   -0.3681   -0.9886   -0.9887   -0.9458    1.0000    1.0000    1.0000   -0.2630   -0.3833   -0.5484   -0.9862    0.5529    0.5529    0.5484   -0.2995   -0.1349   -0.4180   -0.0864    0.7798    0.5529    0.1594   -0.9746       NaN   -0.6653       NaN    0.1589    0.1382
z             0.6281    0.6281   -0.0077   -0.0457    0.7935    0.8067   -0.0969       NaN    0.7137    0.0969   -0.0069    0.9410    0.7233    0.1425    0.1433   -0.0044   -0.2630   -0.2630   -0.2630    1.0000    0.9169    0.7938    0.1423    0.5026    0.5026   -0.7938   -0.2693    0.8167    0.8453    0.7145   -0.6771    0.5026    0.7162    0.0774       NaN    0.6634       NaN    0.6044    0.6990
x             0.8028    0.8028    0.0718    0.0260    0.9325    0.9635   -0.0398       NaN    0.8212    0.0398   -0.4038    0.9976    0.9371    0.2467    0.2475    0.0759   -0.3833   -0.3833   -0.3833    0.9169    1.0000    0.9633    0.2457    0.5359    0.5359   -0.9633   -0.4814    0.9440    0.9813    0.8954   -0.8546    0.5359    0.8225    0.1812       NaN    0.8853       NaN    0.7735    0.8241
Pm            0.9111    0.9111    0.2506    0.2048    0.8882    0.9477    0.1365       NaN    0.7345   -0.1365   -0.5830    0.9447    0.9688    0.4207    0.4215    0.2547   -0.5484   -0.5484   -0.5484    0.7938    0.9633    1.0000    0.4188    0.3904    0.3904   -1.0000   -0.4621    0.8979    0.9801    0.8725   -0.9477    0.3904    0.7355    0.3613       NaN    0.9751       NaN    0.7222    0.7490
w             0.7553    0.7553    0.9840    0.9746   -0.0448    0.1083    0.9567       NaN   -0.3082   -0.9567   -0.2337    0.2259    0.2300    0.9993    0.9993    0.9847   -0.9862   -0.9862   -0.9862    0.1423    0.2457    0.4188    1.0000   -0.6725   -0.6725   -0.4188    0.3700   -0.0188    0.2714   -0.0609   -0.6731   -0.6725   -0.3068    0.9977       NaN    0.5562       NaN   -0.3009   -0.2854
VMPK         -0.0233   -0.0233   -0.7934   -0.8212    0.7693    0.6625   -0.8588       NaN    0.9111    0.8588   -0.2383    0.5409    0.5564   -0.6703   -0.6696   -0.7908    0.5529    0.5529    0.5529    0.5026    0.5359    0.3904   -0.6725    1.0000    1.0000   -0.3904   -0.7517    0.7508    0.5236    0.7728   -0.0900    1.0000    0.9105   -0.7171       NaN    0.2307       NaN    0.8936    0.8998
U            -0.0233   -0.0233   -0.7934   -0.8212    0.7693    0.6625   -0.8588       NaN    0.9111    0.8588   -0.2383    0.5409    0.5564   -0.6703   -0.6696   -0.7908    0.5529    0.5529    0.5529    0.5026    0.5359    0.3904   -0.6725    1.0000    1.0000   -0.3904   -0.7517    0.7508    0.5236    0.7728   -0.0900    1.0000    0.9105   -0.7171       NaN    0.2307       NaN    0.8936    0.8998
X            -0.9111   -0.9111   -0.2506   -0.2048   -0.8882   -0.9477   -0.1365       NaN   -0.7345    0.1365    0.5830   -0.9447   -0.9688   -0.4207   -0.4215   -0.2547    0.5484    0.5484    0.5484   -0.7938   -0.9633   -1.0000   -0.4188   -0.3904   -0.3904    1.0000    0.4621   -0.8979   -0.9801   -0.8725    0.9477   -0.3904   -0.7355   -0.3613       NaN   -0.9751       NaN   -0.7222   -0.7490
D            -0.1637   -0.1637    0.4857    0.5134   -0.6937   -0.6326    0.5512       NaN   -0.7615   -0.5512    0.6515   -0.4646   -0.6401    0.3853    0.3848    0.4830   -0.2995   -0.2995   -0.2995   -0.2693   -0.4814   -0.4621    0.3700   -0.7517   -0.7517    0.4621    1.0000   -0.6437   -0.4693   -0.7535    0.2117   -0.7517   -0.7581    0.4007       NaN   -0.4363       NaN   -0.8296   -0.7740
F             0.6398    0.6398   -0.1956   -0.2414    0.9977    0.9900   -0.3084       NaN    0.9548    0.3084   -0.5034    0.9333    0.9491   -0.0140   -0.0131   -0.1914   -0.1349   -0.1349   -0.1349    0.8167    0.9440    0.8979   -0.0188    0.7508    0.7508   -0.8979   -0.6437    1.0000    0.9552    0.9838   -0.7244    0.7508    0.9556   -0.0815       NaN    0.7973       NaN    0.9322    0.9588
Z             0.8307    0.8307    0.0977    0.0511    0.9416    0.9786   -0.0182       NaN    0.8240    0.0182   -0.5119    0.9671    0.9673    0.2775    0.2783    0.1019   -0.4180   -0.4180   -0.4180    0.8453    0.9813    0.9801    0.2714    0.5236    0.5236   -0.9801   -0.4693    0.9552    1.0000    0.9176   -0.8914    0.5236    0.8255    0.2097       NaN    0.9151       NaN    0.7964    0.8327
i             0.6037    0.6037   -0.2349   -0.2800    0.9921    0.9787   -0.3465       NaN    0.9618    0.3465   -0.6239    0.8773    0.9571   -0.0583   -0.0575   -0.2308   -0.0864   -0.0864   -0.0864    0.7145    0.8954    0.8725   -0.0609    0.7728    0.7728   -0.8725   -0.7535    0.9838    0.9176    1.0000   -0.6861    0.7728    0.9617   -0.1188       NaN    0.7932       NaN    0.9681    0.9712
prem         -0.9905   -0.9905   -0.5327   -0.4925   -0.7038   -0.8041   -0.4301       NaN   -0.4916    0.4301    0.5559   -0.8301   -0.8605   -0.6780   -0.6787   -0.5363    0.7798    0.7798    0.7798   -0.6771   -0.8546   -0.9477   -0.6731   -0.0900   -0.0900    0.9477    0.2117   -0.7244   -0.8914   -0.6861    1.0000   -0.0900   -0.4932   -0.6263       NaN   -0.9702       NaN   -0.4852   -0.5116
delta        -0.0233   -0.0233   -0.7934   -0.8212    0.7693    0.6625   -0.8588       NaN    0.9111    0.8588   -0.2383    0.5409    0.5564   -0.6703   -0.6696   -0.7908    0.5529    0.5529    0.5529    0.5026    0.5359    0.3904   -0.6725    1.0000    1.0000   -0.3904   -0.7517    0.7508    0.5236    0.7728   -0.0900    1.0000    0.9105   -0.7171       NaN    0.2307       NaN    0.8936    0.8998
In            0.3920    0.3920   -0.4709   -0.5118    0.9645    0.9129   -0.5705       NaN    1.0000    0.5705   -0.4483    0.8165    0.8458   -0.3035   -0.3027   -0.4671    0.1594    0.1594    0.1594    0.7162    0.8225    0.7355   -0.3068    0.9105    0.9105   -0.7355   -0.7581    0.9556    0.8255    0.9617   -0.4932    0.9105    1.0000   -0.3649       NaN    0.6080       NaN    0.9841    0.9988
Welf          0.7132    0.7132    0.9930    0.9864   -0.1065    0.0468    0.9726       NaN   -0.3662   -0.9726   -0.2204    0.1606    0.1736    0.9969    0.9968    0.9935   -0.9746   -0.9746   -0.9746    0.0774    0.1812    0.3613    0.9977   -0.7171   -0.7171   -0.3613    0.4007   -0.0815    0.2097   -0.1188   -0.6263   -0.7171   -0.3649    1.0000       NaN    0.5076       NaN   -0.3535   -0.3428
a                NaN       NaN       NaN       NaN       NaN       NaN       NaN       NaN       NaN       NaN       NaN       NaN       NaN       NaN       NaN       NaN       NaN       NaN       NaN       NaN       NaN       NaN       NaN       NaN       NaN       NaN       NaN       NaN       NaN       NaN       NaN       NaN       NaN       NaN       NaN       NaN       NaN       NaN       NaN
ksi           0.9564    0.9564    0.4024    0.3595    0.7923    0.8737    0.2941       NaN    0.6076   -0.2941   -0.6823    0.8578    0.9353    0.5557    0.5564    0.4063   -0.6653   -0.6653   -0.6653    0.6634    0.8853    0.9751    0.5562    0.2307    0.2307   -0.9751   -0.4363    0.7973    0.9151    0.7932   -0.9702    0.2307    0.6080    0.5076       NaN    1.0000       NaN    0.6228    0.6303
g                NaN       NaN       NaN       NaN       NaN       NaN       NaN       NaN       NaN       NaN       NaN       NaN       NaN       NaN       NaN       NaN       NaN       NaN       NaN       NaN       NaN       NaN       NaN       NaN       NaN       NaN       NaN       NaN       NaN       NaN       NaN       NaN       NaN       NaN       NaN       NaN       NaN       NaN       NaN
infl          0.3873    0.3873   -0.4610   -0.5013    0.9489    0.8994   -0.5604       NaN    0.9847    0.5604   -0.5841    0.7573    0.8579   -0.2983   -0.2975   -0.4572    0.1589    0.1589    0.1589    0.6044    0.7735    0.7222   -0.3009    0.8936    0.8936   -0.7222   -0.8296    0.9322    0.7964    0.9681   -0.4852    0.8936    0.9841   -0.3535       NaN    0.6228       NaN    1.0000    0.9906
inflstar      0.4120    0.4120   -0.4504   -0.4919    0.9691    0.9210   -0.5516       NaN    0.9989    0.5516   -0.4913    0.8151    0.8623   -0.2822   -0.2814   -0.4466    0.1382    0.1382    0.1382    0.6990    0.8241    0.7490   -0.2854    0.8998    0.8998   -0.7490   -0.7740    0.9588    0.8327    0.9712   -0.5116    0.8998    0.9988   -0.3428       NaN    0.6303       NaN    0.9906    1.0000


AUTOCORRELATION OF SIMULATED VARIABLES
VARIABLE          1        2        3        4        5
Y            0.7018   0.5238   0.3995   0.3300   0.3129
Ym           0.7018   0.5238   0.3995   0.3300   0.3129
K            0.9916   0.9739   0.9506   0.9248   0.8980
Keff         0.9928   0.9756   0.9526   0.9267   0.8996
L            0.5840   0.3359   0.1656   0.0746   0.0587
I            0.5627   0.2962   0.1138   0.0175   0.0023
C            0.9918   0.9734   0.9490   0.9218   0.8936
G               NaN      NaN      NaN      NaN      NaN
Q            0.6765   0.4730   0.3297   0.2497   0.2296
varrho       0.9918   0.9734   0.9490   0.9218   0.8936
Lambda       0.6893   0.3933   0.1788   0.0571   0.0183
Rk           0.2781   0.1774   0.0701   0.0106   0.0189
R            0.6546   0.3702   0.1643   0.0486   0.0150
N            0.9680   0.9375   0.9078   0.8813   0.8586
Ne           0.9678   0.9372   0.9075   0.8809   0.8582
Nn           0.9914   0.9736   0.9502   0.9243   0.8975
nu           0.9273   0.8722   0.8290   0.7989   0.7812
eta          0.9273   0.8722   0.8290   0.7989   0.7812
phi          0.9273   0.8722   0.8290   0.7989   0.7812
z           -0.0135  -0.0138  -0.0493  -0.0599  -0.0091
x            0.3457   0.2044   0.0781   0.0094   0.0121
Pm           0.5559   0.3128   0.1479   0.0601   0.0470
w            0.9682   0.9409   0.9117   0.8830   0.8567
VMPK         0.8496   0.7522   0.6774   0.6280   0.6041
U            0.8496   0.7522   0.6774   0.6280   0.6041
X            0.5559   0.3128   0.1479   0.0601   0.0470
D            0.9580   0.8802   0.7922   0.7100   0.6401
F            0.5498   0.2876   0.1115   0.0214   0.0121
Z            0.4925   0.2135   0.0325  -0.0543  -0.0530
i            0.6767   0.4132   0.2223   0.1149   0.0833
prem         0.6595   0.4292   0.2733   0.1942   0.1844
delta        0.8496   0.7522   0.6774   0.6280   0.6041
In           0.6735   0.4689   0.3251   0.2451   0.2254
Welf         0.9815   0.9560   0.9273   0.8985   0.8711
a               NaN      NaN      NaN      NaN      NaN
ksi          0.6929   0.4594   0.2865   0.1840   0.1477
g               NaN      NaN      NaN      NaN      NaN
infl         0.7798   0.5552   0.3862   0.2865   0.2485
inflstar     0.6943   0.4794   0.3257   0.2390   0.2147



VARIANCE DECOMPOSITION SIMULATING ONE SHOCK AT A TIME (in percent)
                         e_a             e_ksi               e_g              e_Ne               e_i  Tot. lin. contr.
Y                       0.00            100.05              0.00              0.00              0.00            100.05
Ym                      0.00            100.05              0.00              0.00              0.00            100.05
K                       0.00            100.05              0.00              0.00              0.00            100.05
Keff                    0.00            100.05              0.00              0.00              0.00            100.05
L                       0.00            100.05              0.00              0.00              0.00            100.05
I                       0.00            100.05              0.00              0.00              0.00            100.05
C                       0.00            100.05              0.00              0.00              0.00            100.05
G                        NaN               NaN               NaN               NaN               NaN               NaN
Q                       0.00            100.05              0.00              0.00              0.00            100.05
varrho                  0.00            100.05              0.00              0.00              0.00            100.05
Lambda                  0.00            100.05              0.00              0.00              0.00            100.05
Rk                      0.00            100.05              0.00              0.00              0.00            100.05
R                       0.00            100.05              0.00              0.00              0.00            100.05
N                       0.00            100.05              0.00              0.00              0.00            100.05
Ne                      0.00            100.05              0.00              0.00              0.00            100.05
Nn                      0.00            100.05              0.00              0.00              0.00            100.05
nu                      0.00            100.05              0.00              0.00              0.00            100.05
eta                     0.00            100.05              0.00              0.00              0.00            100.05
phi                     0.00            100.05              0.00              0.00              0.00            100.05
z                       0.00            100.05              0.00              0.00              0.00            100.05
