Dynare version: 0.10.4
2026-01-27T15:37:17.536: Starting @dynare AMO_model.mod
["AMO_model.mod", "language=julia", "json=compute", "notmpterms"]
Dynare preprocessor version: 7.0.0+0
2026-01-27T15:37:17.601: End of preprocessing
2026-01-27T15:37:17.637: Start parse_statements!
  Steady state

──────────────────┬──────────
        L         │ 0.927754
                c │      1.0
        omega_G_1 │      0.0
        omega_a_1 │      0.0
        omega_G_2 │      0.0
        omega_a_2 │      0.0
        omega_G_3 │     -0.0
        omega_a_3 │      0.0
        omega_G_4 │      0.0
        omega_a_4 │      0.0
        omega_G_5 │      0.0
        omega_a_5 │      0.0
       omega_mp_1 │      0.0
             L_k1 │   1.3092
         alpha_k1 │      0.5
 omega_a_basket_1 │      0.0
             L_k2 │   0.6287
         alpha_k2 │      0.5
 omega_a_basket_2 │      0.0
              R_1 │   0.9356
              R_2 │   0.9356
              R_3 │   0.9059
              R_4 │    0.868
              R_5 │    0.868
           b_1_k1 │      2.0
       alpha_1_k1 │   0.3333
           b_2_k1 │      2.0
       alpha_2_k1 │   0.3333
           b_3_k1 │   0.0698
       alpha_3_k1 │   0.3333
           b_3_k2 │   0.9302
       alpha_3_k2 │   0.3333
           b_4_k2 │      0.5
       alpha_4_k2 │   0.3333
           b_5_k2 │      0.5
       alpha_5_k2 │   0.3333
──────────────────┴──────────

  Coefficients of approximate solution function (reduced form)

─────────────────────┬──────────────────────────────────────────────────────────────────────────────────────────────────────────────────────────────────────────────────────────────────────────────────────────────────────────────────────────────────────────────────────────────────────────────────────────────────────────────────────────────────────────────────────────────────────────────────────────────────────────────────────────────────────────────
                     │   L_t    c_t   omega_G_1_t  omega_a_1_t  omega_G_2_t  omega_a_2_t  omega_G_3_t  omega_a_3_t  omega_G_4_t  omega_a_4_t  omega_G_5_t  omega_a_5_t  omega_mp_1_t  L_k1_t   alpha_k1_t  omega_a_basket_1_t  L_k2_t   alpha_k2_t  omega_a_basket_2_t   R_1_t    R_2_t    R_3_t    R_4_t    R_5_t   b_1_k1_t  alpha_1_k1_t  b_2_k1_t  alpha_2_k1_t  b_3_k1_t  alpha_3_k1_t  b_3_k2_t  alpha_3_k2_t  b_4_k2_t  alpha_4_k2_t  b_5_k2_t  alpha_5_k2_t
────────────────────────────────────────────────────────────────────────────────────────────────────────────────────────────────────────────────────────────────────────────────────────────────────────────────────────────────────────────────────────────────────────────────────────────────────────────────────────────────────────────────────────────────────────────────────────────────────────────────────────────────────────────────────────────────────
        ϕ(omega_G_1) │  0.0114  -0.0          0.9          0.0         -0.0         -0.0          0.0         -0.0         -0.0         -0.0         -0.0          0.0           0.0   0.0263         0.0                 0.0   0.0015         0.0                 0.0   0.0024   0.0021   0.0021   0.0024   0.0024      0.09           0.0      -0.0          -0.0   -0.0056           0.0    0.0056          -0.0       0.0          -0.0       0.0           0.0
        ϕ(omega_a_1) │  0.0081  -0.0          0.0          0.9          0.0          0.0         -0.0          0.0          0.0          0.0         -0.0          0.0          -0.0   0.0125         0.0                -0.0   0.0048        -0.0                -0.0  -0.0032   0.0035   0.0023   0.0018   0.0018      -0.0          0.02       0.0         -0.01   -0.0173         -0.01    0.0173          -0.0       0.0          -0.0      -0.0           0.0
        ϕ(omega_G_2) │  0.0114   0.0          0.0         -0.0          0.9         -0.0         -0.0          0.0          0.0         -0.0          0.0          0.0           0.0   0.0263        -0.0                -0.0   0.0015         0.0                -0.0   0.0021   0.0024   0.0021   0.0024   0.0024       0.0           0.0      0.09           0.0   -0.0056          -0.0    0.0056           0.0       0.0          -0.0       0.0           0.0
        ϕ(omega_a_2) │  0.0081  -0.0         -0.0          0.0         -0.0          0.9         -0.0          0.0          0.0          0.0          0.0          0.0           0.0   0.0125         0.0                -0.0   0.0048         0.0                 0.0   0.0035  -0.0032   0.0023   0.0018   0.0018      -0.0         -0.01       0.0          0.02   -0.0173         -0.01    0.0173          -0.0       0.0           0.0       0.0           0.0
        ϕ(omega_G_3) │   0.032  -0.0          0.0         -0.0         -0.0         -0.0          0.9         -0.0          0.0         -0.0         -0.0         -0.0           0.0   0.0219         0.0                 0.0   0.0359         0.0                 0.0   0.0041   0.0041   0.0131   0.0079   0.0079      -0.0          -0.0      -0.0          -0.0    0.0491           0.0    0.1309           0.0       0.0          -0.0      -0.0          -0.0
        ϕ(omega_a_3) │ -0.0541   0.0          0.0         -0.0          0.0         -0.0         -0.0          0.9         -0.0          0.0         -0.0         -0.0          -0.0  -0.1829        -0.0                -0.0   0.0287         0.0                -0.0  -0.0005  -0.0005   -0.041   0.0114   0.0114       0.0         -0.05       0.0         -0.05    0.0441           0.1   -0.0441           0.1      -0.0         -0.05      -0.0         -0.05
        ϕ(omega_G_4) │   0.327  -0.0          0.0          0.0          0.0         -0.0         -0.0          0.0          0.9         -0.0          0.0         -0.0           0.0   0.0267         0.0                 0.0   0.4882         0.0                 0.0   0.0359   0.0359   0.0591   0.2771   0.0852       0.0           0.0       0.0          -0.0    0.0598          -0.0   -0.0598           0.0      1.35           0.0       0.0          -0.0
        ϕ(omega_a_4) │ -0.0238  -0.0          0.0         -0.0          0.0         -0.0          0.0         -0.0          0.0          0.9          0.0          0.0           0.0    0.052        -0.0                -0.0  -0.0686         0.0                -0.0  -0.0009  -0.0009   0.0162  -0.0842   0.0309       0.0           0.0       0.0          -0.0    0.1164          -0.0   -0.1164         -0.09       0.0          0.18       0.0         -0.09
        ϕ(omega_G_5) │   0.327   0.0         -0.0          0.0          0.0         -0.0         -0.0          0.0         -0.0          0.0          0.9          0.0          -0.0   0.0267         0.0                 0.0   0.4882         0.0                -0.0   0.0359   0.0359   0.0591   0.0852   0.2771       0.0          -0.0       0.0           0.0    0.0598          -0.0   -0.0598          -0.0      -0.0           0.0      1.35           0.0
        ϕ(omega_a_5) │ -0.0238   0.0          0.0         -0.0          0.0         -0.0         -0.0          0.0          0.0         -0.0          0.0          0.9          -0.0    0.052        -0.0                -0.0  -0.0686        -0.0                -0.0  -0.0009  -0.0009   0.0162   0.0309  -0.0842      -0.0          -0.0       0.0          -0.0    0.1164           0.0   -0.1164         -0.09       0.0         -0.09       0.0          0.18
       ϕ(omega_mp_1) │ -0.0456  -0.0         -0.0          0.0          0.0          0.0          0.0         -0.0          0.0          0.0         -0.0         -0.0           0.9   0.1529         0.0                 0.0  -0.1641        -0.0                 0.0   0.0034   0.0001  -0.0449  -0.0155  -0.0155       0.9           0.0      -0.0           0.0   -0.3012          -0.0   -0.5988          -0.0       0.0           0.0      -0.0          -0.0
 ϕ(omega_a_basket_1) │  0.0305  -0.0         -0.0          0.0         -0.0          0.0         -0.0         -0.0          0.0         -0.0          0.0          0.0          -0.0    0.036       0.045                 0.9  -0.0221      -0.045                -0.0  -0.0023  -0.0023   0.0088   0.0182   0.0182      -0.0           0.0       0.0          -0.0    0.0805          -0.0   -0.0805          -0.0       0.0          -0.0       0.0           0.0
 ϕ(omega_a_basket_2) │ -0.1219   0.0         -0.0         -0.0          0.0         -0.0          0.0          0.0         -0.0         -0.0         -0.0         -0.0           0.0  -0.1439       -0.18                 0.0   0.0882        0.18                 0.9   0.0091   0.0091  -0.0353  -0.0727  -0.0727       0.0           0.0       0.0           0.0    -0.322           0.0     0.322           0.0      -0.0          -0.0      -0.0          -0.0
           eps_G_1_t │  0.0001   0.0         0.01          0.0          0.0         -0.0          0.0         -0.0         -0.0          0.0          0.0          0.0           0.0   0.0003         0.0                 0.0      0.0         0.0                 0.0      0.0      0.0      0.0      0.0      0.0     0.001           0.0       0.0          -0.0   -0.0001          -0.0    0.0001          -0.0      -0.0           0.0       0.0           0.0
           eps_a_1_t │  0.0001  -0.0          0.0         0.01         -0.0         -0.0         -0.0          0.0          0.0         -0.0         -0.0          0.0          -0.0   0.0001        -0.0                -0.0   0.0001         0.0                 0.0     -0.0      0.0      0.0      0.0      0.0       0.0        0.0002      -0.0       -0.0001   -0.0002       -0.0001    0.0002           0.0       0.0           0.0      -0.0           0.0
           eps_G_2_t │  0.0001   0.0          0.0         -0.0         0.01          0.0          0.0         -0.0          0.0         -0.0          0.0         -0.0           0.0   0.0003        -0.0                -0.0      0.0         0.0                -0.0      0.0      0.0      0.0      0.0      0.0       0.0           0.0     0.001           0.0   -0.0001          -0.0    0.0001           0.0       0.0          -0.0      -0.0          -0.0
           eps_a_2_t │  0.0001  -0.0          0.0          0.0         -0.0         0.01          0.0         -0.0         -0.0         -0.0          0.0          0.0           0.0   0.0001         0.0                -0.0   0.0001         0.0                -0.0      0.0     -0.0      0.0      0.0      0.0       0.0       -0.0001       0.0        0.0002   -0.0002       -0.0001    0.0002          -0.0      -0.0          -0.0       0.0           0.0
           eps_G_3_t │  0.0004   0.0         -0.0         -0.0         -0.0         -0.0         0.01         -0.0         -0.0         -0.0         -0.0         -0.0           0.0   0.0002         0.0                 0.0   0.0004         0.0                 0.0      0.0      0.0   0.0001   0.0001   0.0001      -0.0           0.0      -0.0           0.0    0.0005           0.0    0.0015           0.0      -0.0          -0.0      -0.0          -0.0
           eps_a_3_t │ -0.0006   0.0         -0.0         -0.0         -0.0         -0.0         -0.0         0.01         -0.0          0.0         -0.0          0.0          -0.0   -0.002        -0.0                -0.0   0.0003        -0.0                -0.0     -0.0     -0.0  -0.0005   0.0001   0.0001      -0.0       -0.0006      -0.0       -0.0006    0.0005        0.0011   -0.0005        0.0011      -0.0       -0.0006      -0.0       -0.0006
           eps_G_4_t │  0.0036   0.0         -0.0          0.0          0.0         -0.0          0.0          0.0         0.01         -0.0          0.0         -0.0          -0.0   0.0003         0.0                 0.0   0.0054         0.0                 0.0   0.0004   0.0004   0.0007   0.0031   0.0009       0.0           0.0       0.0          -0.0    0.0007          -0.0   -0.0007           0.0     0.015           0.0       0.0          -0.0
           eps_a_4_t │ -0.0003  -0.0         -0.0          0.0         -0.0         -0.0         -0.0         -0.0          0.0         0.01          0.0         -0.0           0.0   0.0006        -0.0                -0.0  -0.0008        -0.0                -0.0     -0.0     -0.0   0.0002  -0.0009   0.0003      -0.0           0.0      -0.0           0.0    0.0013          -0.0   -0.0013        -0.001       0.0         0.002       0.0        -0.001
           eps_G_5_t │  0.0036   0.0          0.0         -0.0          0.0         -0.0          0.0         -0.0         -0.0         -0.0         0.01          0.0          -0.0   0.0003         0.0                 0.0   0.0054         0.0                -0.0   0.0004   0.0004   0.0007   0.0009   0.0031       0.0           0.0       0.0          -0.0    0.0007          -0.0   -0.0007           0.0      -0.0           0.0     0.015           0.0
           eps_a_5_t │ -0.0003  -0.0          0.0         -0.0         -0.0          0.0          0.0         -0.0         -0.0         -0.0         -0.0         0.01          -0.0   0.0006        -0.0                -0.0  -0.0008        -0.0                -0.0     -0.0     -0.0   0.0002   0.0003  -0.0009       0.0          -0.0      -0.0          -0.0    0.0013           0.0   -0.0013        -0.001      -0.0        -0.001      -0.0         0.002
    eps_a_basket_1_t │  0.0003  -0.0         -0.0          0.0         -0.0          0.0         -0.0         -0.0          0.0          0.0          0.0          0.0          -0.0   0.0004      0.0005                0.01  -0.0002     -0.0005                -0.0     -0.0     -0.0   0.0001   0.0002   0.0002      -0.0          -0.0      -0.0          -0.0    0.0009           0.0   -0.0009          -0.0       0.0          -0.0       0.0           0.0
    eps_a_basket_2_t │ -0.0014   0.0          0.0         -0.0          0.0         -0.0          0.0          0.0         -0.0         -0.0         -0.0         -0.0           0.0  -0.0016      -0.002                 0.0    0.001       0.002                0.01   0.0001   0.0001  -0.0004  -0.0008  -0.0008       0.0           0.0       0.0           0.0   -0.0036           0.0    0.0036           0.0      -0.0           0.0      -0.0          -0.0
          eps_mp_1_t │ -0.0025  -0.0         -0.0          0.0          0.0          0.0          0.0         -0.0          0.0          0.0         -0.0         -0.0          0.05   0.0085        -0.0                 0.0  -0.0091        -0.0                 0.0   0.0002      0.0  -0.0025  -0.0009  -0.0009      0.05           0.0      -0.0           0.0   -0.0167          -0.0   -0.0333          -0.0       0.0           0.0      -0.0          -0.0
─────────────────────┴──────────────────────────────────────────────────────────────────────────────────────────────────────────────────────────────────────────────────────────────────────────────────────────────────────────────────────────────────────────────────────────────────────────────────────────────────────────────────────────────────────────────────────────────────────────────────────────────────────────────────────────────────────────────

  Note: ϕ(x) = x_{t-1} - steady_state(x)

  THEORETICAL MOMENTS

──────────────────┬─────────────────────────────
     VARIABLE     │  MEAN   STD. DEV.  VARIANCE
────────────────────────────────────────────────
                L │ 0.9278     0.0137    0.0002
                c │    1.0        0.0       0.0
        omega_G_1 │    0.0     0.0229    0.0005
        omega_a_1 │    0.0     0.0229    0.0005
        omega_G_2 │    0.0     0.0229    0.0005
        omega_a_2 │    0.0     0.0229    0.0005
        omega_G_3 │   -0.0     0.0229    0.0005
        omega_a_3 │    0.0     0.0229    0.0005
        omega_G_4 │    0.0     0.0229    0.0005
        omega_a_4 │    0.0     0.0229    0.0005
        omega_G_5 │    0.0     0.0229    0.0005
        omega_a_5 │    0.0     0.0229    0.0005
       omega_mp_1 │    0.0     0.1147    0.0132
             L_k1 │ 1.3092     0.0205    0.0004
         alpha_k1 │    0.5     0.0047       0.0
 omega_a_basket_1 │    0.0     0.0229    0.0005
             L_k2 │ 0.6287     0.0276    0.0008
         alpha_k2 │    0.5     0.0047       0.0
 omega_a_basket_2 │    0.0     0.0229    0.0005
              R_1 │ 0.9356     0.0014       0.0
              R_2 │ 0.9356     0.0013       0.0
              R_3 │ 0.9059     0.0063       0.0
              R_4 │  0.868     0.0082    0.0001
              R_5 │  0.868     0.0082    0.0001
           b_1_k1 │    2.0     0.1147    0.0132
       alpha_1_k1 │ 0.3333     0.0014       0.0
           b_2_k1 │    2.0     0.0023       0.0
       alpha_2_k1 │ 0.3333     0.0014       0.0
           b_3_k1 │ 0.0698     0.0396    0.0016
       alpha_3_k1 │ 0.3333     0.0026       0.0
           b_3_k2 │ 0.9302      0.077    0.0059
       alpha_3_k2 │ 0.3333     0.0041       0.0
           b_4_k2 │    0.5     0.0344    0.0012
       alpha_4_k2 │ 0.3333     0.0053       0.0
           b_5_k2 │    0.5     0.0344    0.0012
       alpha_5_k2 │ 0.3333     0.0053       0.0
──────────────────┴─────────────────────────────

  VARIANCE DECOMPOSITION (in percent)

──────────────────┬────────────────────────────────────────────────────────────────────────────────────────────────────────────────────────────────────
     VARIABLE     │ eps_G_1  eps_a_1  eps_G_2  eps_a_2  eps_G_3  eps_a_3  eps_G_4  eps_a_4  eps_G_5  eps_a_5  eps_a_basket_1  eps_a_basket_2  eps_mp_1
───────────────────────────────────────────────────────────────────────────────────────────────────────────────────────────────────────────────────────
                L │  0.0005   0.0002   0.0005   0.0002   0.0036   0.0102   0.3726    0.002   0.3726    0.002          0.0032          0.0518    0.1808
                c │  0.0419   0.0048   0.0362   0.0029   0.0021   0.0093   0.0122   0.0137   0.0292   0.0005          0.0081          0.2402    0.5988
        omega_G_1 │     1.0      0.0      0.0      0.0      0.0      0.0      0.0      0.0      0.0      0.0             0.0             0.0       0.0
        omega_a_1 │     0.0      1.0     -0.0      0.0      0.0      0.0     -0.0     -0.0     -0.0      0.0            -0.0            -0.0       0.0
        omega_G_2 │     0.0     -0.0      1.0      0.0     -0.0     -0.0     -0.0      0.0     -0.0     -0.0            -0.0            -0.0      -0.0
        omega_a_2 │     0.0      0.0     -0.0      1.0      0.0     -0.0     -0.0      0.0      0.0      0.0            -0.0            -0.0      -0.0
        omega_G_3 │     0.0      0.0      0.0      0.0      1.0     -0.0      0.0     -0.0     -0.0      0.0            -0.0             0.0      -0.0
        omega_a_3 │     0.0      0.0     -0.0     -0.0      0.0      1.0     -0.0      0.0      0.0      0.0             0.0             0.0       0.0
        omega_G_4 │     0.0      0.0      0.0      0.0      0.0     -0.0      1.0      0.0     -0.0      0.0            -0.0            -0.0      -0.0
        omega_a_4 │     0.0     -0.0      0.0      0.0     -0.0      0.0     -0.0      1.0      0.0      0.0             0.0            -0.0      -0.0
        omega_G_5 │     0.0     -0.0      0.0      0.0     -0.0      0.0     -0.0      0.0      1.0     -0.0            -0.0            -0.0      -0.0
        omega_a_5 │     0.0      0.0      0.0      0.0      0.0     -0.0     -0.0      0.0     -0.0      1.0             0.0            -0.0      -0.0
       omega_mp_1 │     0.0     -0.0     -0.0     -0.0     -0.0      0.0     -0.0      0.0     -0.0     -0.0             0.0            -0.0       1.0
             L_k1 │  0.0011   0.0002   0.0011   0.0002   0.0007   0.0515   0.0011   0.0042   0.0011   0.0042           0.002          0.0319    0.9007
         alpha_k1 │     0.0      0.0     -0.0      0.0      0.0      0.0     -0.0      0.0      0.0      0.0          0.0588          0.9412      -0.0
 omega_a_basket_1 │     0.0     -0.0      0.0     -0.0     -0.0     -0.0     -0.0     -0.0     -0.0      0.0             1.0            -0.0      -0.0
             L_k2 │     0.0      0.0      0.0      0.0   0.0011   0.0007   0.2038    0.004   0.2038    0.004          0.0004          0.0067    0.5755
         alpha_k2 │     0.0      0.0     -0.0      0.0      0.0      0.0     -0.0      0.0      0.0      0.0          0.0588          0.9412      -0.0
 omega_a_basket_2 │     0.0      0.0     -0.0      0.0      0.0     -0.0     -0.0      0.0      0.0      0.0            -0.0             1.0      -0.0
              R_1 │  0.0019   0.0034   0.0014   0.0041   0.0057   0.0001   0.4284   0.0003   0.4284   0.0003          0.0017          0.0277    0.0965
              R_2 │  0.0016   0.0045   0.0021   0.0038   0.0063   0.0001   0.4742   0.0003   0.4742   0.0003          0.0019          0.0307       0.0
              R_3 │  0.0001   0.0001   0.0001   0.0001   0.0028   0.0276   0.0572   0.0043   0.0572   0.0043          0.0013          0.0204    0.8247
              R_4 │  0.0001      0.0   0.0001      0.0   0.0006   0.0012   0.7389   0.0682   0.0699   0.0092          0.0032          0.0509    0.0577
              R_5 │  0.0001      0.0   0.0001      0.0   0.0006   0.0012   0.0699   0.0092   0.7389   0.0682          0.0032          0.0509    0.0577
           b_1_k1 │  0.0004     -0.0     -0.0     -0.0     -0.0      0.0     -0.0      0.0     -0.0     -0.0             0.0            -0.0    0.9996
       alpha_1_k1 │     0.0   0.1333     -0.0   0.0333      0.0   0.8333      0.0      0.0      0.0      0.0             0.0             0.0       0.0
           b_2_k1 │     0.0     -0.0      1.0      0.0     -0.0     -0.0     -0.0      0.0     -0.0     -0.0            -0.0            -0.0      -0.0
       alpha_2_k1 │     0.0   0.0333     -0.0   0.1333      0.0   0.8333     -0.0      0.0      0.0      0.0             0.0            -0.0       0.0
           b_3_k1 │     0.0   0.0001      0.0   0.0001    0.001   0.0008   0.0015   0.0056   0.0015   0.0056          0.0027          0.0429    0.9382
       alpha_3_k1 │     0.0   0.0098     -0.0   0.0098      0.0   0.9804      0.0      0.0      0.0      0.0             0.0             0.0       0.0
           b_3_k2 │     0.0      0.0      0.0      0.0   0.0019   0.0002   0.0004   0.0015   0.0004   0.0015          0.0007          0.0114     0.982
       alpha_3_k2 │     0.0      0.0      0.0      0.0     -0.0   0.3817     -0.0   0.3092      0.0   0.3092             0.0             0.0       0.0
           b_4_k2 │     0.0      0.0      0.0      0.0      0.0     -0.0      1.0      0.0     -0.0      0.0            -0.0            -0.0      -0.0
       alpha_4_k2 │     0.0      0.0      0.0      0.0      0.0   0.0581     -0.0   0.7535     -0.0   0.1884             0.0             0.0      -0.0
           b_5_k2 │     0.0     -0.0      0.0      0.0     -0.0      0.0     -0.0      0.0      1.0     -0.0            -0.0            -0.0      -0.0
       alpha_5_k2 │     0.0     -0.0      0.0      0.0      0.0   0.0581     -0.0   0.1884     -0.0   0.7535             0.0            -0.0      -0.0
──────────────────┴────────────────────────────────────────────────────────────────────────────────────────────────────────────────────────────────────

  CORRELATION MATRIX

──────────────────┬──────────────────────────────────────────────────────────────────────────────────────────────────────────────────────────────────────────────────────────────────────────────────────────────────────────────────────────────────────────────────────────────────────────────────────────────────────────────────────────────────────────────────────────────────────────────────────────────
                  │    L      c    omega_G_1  omega_a_1  omega_G_2  omega_a_2  omega_G_3  omega_a_3  omega_G_4  omega_a_4  omega_G_5  omega_a_5  omega_mp_1   L_k1    alpha_k1  omega_a_basket_1   L_k2    alpha_k2  omega_a_basket_2    R_1      R_2      R_3      R_4      R_5    b_1_k1   alpha_1_k1  b_2_k1   alpha_2_k1  b_3_k1   alpha_3_k1  b_3_k2   alpha_3_k2  b_4_k2   alpha_4_k2  b_5_k2   alpha_5_k2
─────────────────────────────────────────────────────────────────────────────────────────────────────────────────────────────────────────────────────────────────────────────────────────────────────────────────────────────────────────────────────────────────────────────────────────────────────────────────────────────────────────────────────────────────────────────────────────────────────────────────
                L │     1.0   0.0     0.0213      0.015     0.0213      0.015     0.0597    -0.1009     0.6104    -0.0444     0.6104    -0.0444     -0.4252  -0.2992    0.2345            0.0569    0.859   -0.2345           -0.2275   0.6354   0.8052   0.7273   0.8484   0.8484  -0.4247      0.0949   0.0213      0.0949   0.5008     -0.1029   0.3791     -0.0129   0.6104       0.005   0.6104       0.005
                c │     0.0   0.0        0.0       -0.0        0.0       -0.0       -0.0        0.0       -0.0       -0.0        0.0        0.0        -0.0     -0.0      -0.0              -0.0      0.0       0.0               0.0     -0.0      0.0      0.0      0.0      0.0     -0.0        -0.0      0.0        -0.0      0.0         0.0      0.0         0.0     -0.0        -0.0      0.0         0.0
        omega_G_1 │  0.0213   0.0        1.0        0.0        0.0       -0.0        0.0        0.0       -0.0        0.0       -0.0        0.0        -0.0   0.0326       0.0               0.0   0.0014       0.0               0.0   0.0439   0.0397   0.0084   0.0074   0.0074     0.02         0.0     -0.0        -0.0  -0.0036         0.0   0.0018        -0.0     -0.0        -0.0     -0.0         0.0
        omega_a_1 │   0.015  -0.0        0.0        1.0        0.0       -0.0        0.0       -0.0       -0.0        0.0        0.0       -0.0        -0.0   0.0155       0.0              -0.0   0.0044      -0.0              -0.0  -0.0585   0.0672   0.0093   0.0057   0.0057     -0.0      0.3651      0.0     -0.1826  -0.0111      -0.099   0.0057        -0.0     -0.0         0.0      0.0        -0.0
        omega_G_2 │  0.0213   0.0        0.0        0.0        1.0       -0.0       -0.0       -0.0        0.0        0.0       -0.0       -0.0        -0.0   0.0326      -0.0               0.0   0.0014      -0.0              -0.0   0.0378   0.0462   0.0084   0.0074   0.0074     -0.0         0.0      1.0         0.0  -0.0036        -0.0   0.0018        -0.0      0.0         0.0      0.0        -0.0
        omega_a_2 │   0.015  -0.0       -0.0       -0.0       -0.0        1.0       -0.0       -0.0        0.0        0.0       -0.0       -0.0         0.0   0.0155       0.0               0.0   0.0044      -0.0              -0.0   0.0639  -0.0615   0.0093   0.0057   0.0057      0.0     -0.1826     -0.0      0.3651  -0.0111      -0.099   0.0057         0.0      0.0         0.0     -0.0        -0.0
        omega_G_3 │  0.0597  -0.0        0.0        0.0       -0.0       -0.0        1.0       -0.0        0.0       -0.0       -0.0        0.0        -0.0   0.0272       0.0               0.0   0.0332      -0.0              -0.0   0.0754   0.0793    0.053   0.0245   0.0245     -0.0         0.0     -0.0        -0.0   0.0316         0.0   0.0433         0.0      0.0        -0.0     -0.0         0.0
        omega_a_3 │ -0.1009   0.0        0.0       -0.0       -0.0       -0.0        0.0        1.0       -0.0        0.0        0.0       -0.0        -0.0   -0.227      -0.0              -0.0   0.0266       0.0               0.0  -0.0094  -0.0098   -0.166   0.0352   0.0352     -0.0     -0.9129     -0.0     -0.9129   0.0283      0.9901  -0.0146      0.6178     -0.0     -0.2411      0.0     -0.2411
        omega_G_4 │  0.6104  -0.0       -0.0       -0.0        0.0        0.0        0.0       -0.0        1.0       -0.0       -0.0       -0.0        -0.0   0.0332      -0.0              -0.0   0.4514       0.0               0.0   0.6545   0.6886   0.2391   0.8596   0.2643     -0.0         0.0      0.0        -0.0   0.0385        -0.0  -0.0198         0.0      1.0         0.0     -0.0        -0.0
        omega_a_4 │ -0.0444  -0.0        0.0        0.0        0.0        0.0       -0.0        0.0       -0.0        1.0        0.0        0.0        -0.0   0.0645       0.0               0.0  -0.0635      -0.0              -0.0  -0.0159  -0.0167   0.0654  -0.2612   0.0959     -0.0        -0.0      0.0        -0.0   0.0748         0.0  -0.0385      -0.556     -0.0       0.868      0.0      -0.434
        omega_G_5 │  0.6104   0.0       -0.0        0.0       -0.0       -0.0       -0.0        0.0       -0.0        0.0        1.0       -0.0         0.0   0.0332       0.0               0.0   0.4514      -0.0              -0.0   0.6545   0.6886   0.2391   0.2643   0.8596      0.0         0.0      0.0        -0.0   0.0385         0.0  -0.0198         0.0     -0.0         0.0      1.0        -0.0
        omega_a_5 │ -0.0444   0.0        0.0       -0.0       -0.0       -0.0        0.0       -0.0       -0.0        0.0       -0.0        1.0        -0.0   0.0645       0.0              -0.0  -0.0635      -0.0              -0.0  -0.0159  -0.0167   0.0654   0.0959  -0.2612     -0.0         0.0     -0.0        -0.0   0.0748         0.0  -0.0385      -0.556     -0.0      -0.434     -0.0       0.868
       omega_mp_1 │ -0.4252  -0.0       -0.0       -0.0       -0.0        0.0       -0.0       -0.0       -0.0       -0.0        0.0       -0.0         1.0   0.9491      -0.0               0.0  -0.7586       0.0               0.0   0.3107   0.0051  -0.9081  -0.2403  -0.2403   0.9998         0.0     -0.0         0.0  -0.9686        -0.0   -0.991        -0.0     -0.0         0.0      0.0        -0.0
             L_k1 │ -0.2992  -0.0     0.0326     0.0155     0.0326     0.0155     0.0272     -0.227     0.0332     0.0645     0.0332     0.0645      0.9491      1.0    0.1841            0.0446  -0.7186   -0.1841           -0.1786   0.3116   0.0224  -0.7705  -0.1653  -0.1653   0.9495      0.2101   0.0326      0.2101  -0.8739     -0.2279  -0.9622      -0.212   0.0332      0.0828   0.0332      0.0828
         alpha_k1 │  0.2345  -0.0        0.0        0.0       -0.0        0.0        0.0       -0.0       -0.0        0.0        0.0        0.0        -0.0   0.1841       1.0            0.2425  -0.0841      -1.0           -0.9701  -0.1717  -0.1806   0.1472   0.2326   0.2326     -0.0        -0.0     -0.0         0.0   0.2134        -0.0  -0.1099        -0.0     -0.0         0.0      0.0         0.0
 omega_a_basket_1 │  0.0569  -0.0        0.0       -0.0       -0.0        0.0        0.0       -0.0       -0.0        0.0        0.0       -0.0         0.0   0.0446    0.2425               1.0  -0.0204   -0.2425               0.0  -0.0416  -0.0438   0.0357   0.0564   0.0564      0.0         0.0      0.0         0.0   0.0518        -0.0  -0.0266        -0.0     -0.0         0.0      0.0        -0.0
             L_k2 │   0.859   0.0     0.0014     0.0044     0.0014     0.0044     0.0332     0.0266     0.4514    -0.0635     0.4514    -0.0635     -0.7586  -0.7186   -0.0841           -0.0204      1.0    0.0841            0.0816   0.3741   0.6376   0.8816   0.6823   0.6823  -0.7584     -0.0235   0.0014     -0.0235   0.7438      0.0254   0.7491       0.087   0.4514     -0.0339   0.4514     -0.0339
         alpha_k2 │ -0.2345   0.0        0.0       -0.0       -0.0       -0.0       -0.0        0.0        0.0       -0.0       -0.0       -0.0         0.0  -0.1841      -1.0           -0.2425   0.0841       1.0            0.9701   0.1717   0.1806  -0.1472  -0.2326  -0.2326      0.0         0.0     -0.0        -0.0  -0.2134         0.0   0.1099         0.0      0.0        -0.0     -0.0        -0.0
 omega_a_basket_2 │ -0.2275   0.0        0.0       -0.0       -0.0       -0.0       -0.0        0.0        0.0       -0.0       -0.0       -0.0         0.0  -0.1786   -0.9701               0.0   0.0816    0.9701               1.0   0.1666   0.1752  -0.1428  -0.2257  -0.2257      0.0         0.0     -0.0        -0.0  -0.2071         0.0   0.1066         0.0      0.0        -0.0     -0.0        -0.0
              R_1 │  0.6354  -0.0     0.0439    -0.0585     0.0378     0.0639     0.0754    -0.0094     0.6545    -0.0159     0.6545    -0.0159      0.3107   0.3116   -0.1717           -0.0416   0.3741    0.1717            0.1666      1.0   0.9363   0.0098   0.6258   0.6258   0.3115     -0.0245   0.0378      0.0425  -0.2879     -0.0098  -0.3102      0.0119   0.6545     -0.0046   0.6545     -0.0046
              R_2 │  0.8052   0.0     0.0397     0.0672     0.0462    -0.0615     0.0793    -0.0098     0.6886    -0.0167     0.6886    -0.0167      0.0051   0.0224   -0.1806           -0.0438   0.6376    0.1806            0.1752   0.9363      1.0   0.3025   0.7357   0.7357   0.0059      0.0447   0.0462     -0.0257   0.0088     -0.0103  -0.0075      0.0125   0.6886     -0.0049   0.6886     -0.0049
              R_3 │  0.7273   0.0     0.0084     0.0093     0.0084     0.0093      0.053     -0.166     0.2391     0.0654     0.2391     0.0654     -0.9081  -0.7705    0.1472            0.0357   0.8816   -0.1472           -0.1428   0.0098   0.3025      1.0   0.5061   0.5061  -0.9078      0.1532   0.0084      0.1532   0.9359     -0.1662   0.8741     -0.1752   0.2391      0.0684   0.2391      0.0684
              R_4 │  0.8484   0.0     0.0074     0.0057     0.0074     0.0057     0.0245     0.0352     0.8596    -0.2612     0.2643     0.0959     -0.2403  -0.1653    0.2326            0.0564   0.6823   -0.2326           -0.2257   0.6258   0.7357   0.5061      1.0   0.5181  -0.2401     -0.0311   0.0074     -0.0311   0.3148      0.0338   0.1973      0.1137   0.8596     -0.2769   0.2643      0.1882
              R_5 │  0.8484   0.0     0.0074     0.0057     0.0074     0.0057     0.0245     0.0352     0.2643     0.0959     0.8596    -0.2612     -0.2403  -0.1653    0.2326            0.0564   0.6823   -0.2326           -0.2257   0.6258   0.7357   0.5061   0.5181      1.0  -0.2401     -0.0311   0.0074     -0.0311   0.3148      0.0338   0.1973      0.1137   0.2643      0.1882   0.8596     -0.2769
           b_1_k1 │ -0.4247  -0.0       0.02       -0.0       -0.0        0.0       -0.0       -0.0       -0.0       -0.0        0.0       -0.0      0.9998   0.9495      -0.0               0.0  -0.7584       0.0               0.0   0.3115   0.0059  -0.9078  -0.2401  -0.2401      1.0         0.0     -0.0         0.0  -0.9685        -0.0  -0.9907        -0.0     -0.0         0.0      0.0        -0.0
       alpha_1_k1 │  0.0949  -0.0        0.0     0.3651        0.0    -0.1826        0.0    -0.9129        0.0       -0.0        0.0        0.0         0.0   0.2101      -0.0               0.0  -0.0235       0.0               0.0  -0.0245   0.0447   0.1532  -0.0311  -0.0311      0.0         1.0      0.0         0.7  -0.0279      -0.922   0.0144      -0.564      0.0      0.2201      0.0      0.2201
           b_2_k1 │  0.0213   0.0       -0.0        0.0        1.0       -0.0       -0.0       -0.0        0.0        0.0        0.0       -0.0        -0.0   0.0326      -0.0               0.0   0.0014      -0.0              -0.0   0.0378   0.0462   0.0084   0.0074   0.0074     -0.0         0.0      1.0         0.0  -0.0036        -0.0   0.0018        -0.0      0.0         0.0      0.0        -0.0
       alpha_2_k1 │  0.0949  -0.0       -0.0    -0.1826        0.0     0.3651       -0.0    -0.9129       -0.0       -0.0       -0.0       -0.0         0.0   0.2101       0.0               0.0  -0.0235      -0.0              -0.0   0.0425  -0.0257   0.1532  -0.0311  -0.0311      0.0         0.7      0.0         1.0  -0.0279      -0.922   0.0144      -0.564     -0.0      0.2201     -0.0      0.2201
           b_3_k1 │  0.5008   0.0    -0.0036    -0.0111    -0.0036    -0.0111     0.0316     0.0283     0.0385     0.0748     0.0385     0.0748     -0.9686  -0.8739    0.2134            0.0518   0.7438   -0.2134           -0.2071  -0.2879   0.0088   0.9359   0.3148   0.3148  -0.9685     -0.0279  -0.0036     -0.0279      1.0      0.0303   0.9299     -0.0657   0.0385      0.0257   0.0385      0.0257
       alpha_3_k1 │ -0.1029   0.0        0.0     -0.099       -0.0     -0.099        0.0     0.9901       -0.0        0.0        0.0        0.0        -0.0  -0.2279      -0.0              -0.0   0.0254       0.0               0.0  -0.0098  -0.0103  -0.1662   0.0338   0.0338     -0.0      -0.922     -0.0      -0.922   0.0303         1.0  -0.0156      0.6117     -0.0     -0.2387      0.0     -0.2387
           b_3_k2 │  0.3791   0.0     0.0018     0.0057     0.0018     0.0057     0.0433    -0.0146    -0.0198    -0.0385    -0.0198    -0.0385      -0.991  -0.9622   -0.1099           -0.0266   0.7491    0.1099            0.1066  -0.3102  -0.0075   0.8741   0.1973   0.1973  -0.9907      0.0144   0.0018      0.0144   0.9299     -0.0156      1.0      0.0338  -0.0198     -0.0132  -0.0198     -0.0132
       alpha_3_k2 │ -0.0129   0.0       -0.0       -0.0       -0.0        0.0        0.0     0.6178        0.0     -0.556        0.0     -0.556        -0.0   -0.212      -0.0              -0.0    0.087       0.0               0.0   0.0119   0.0125  -0.1752   0.1137   0.1137     -0.0      -0.564     -0.0      -0.564  -0.0657      0.6117   0.0338         1.0      0.0     -0.3903      0.0     -0.3903
           b_4_k2 │  0.6104  -0.0       -0.0       -0.0        0.0        0.0        0.0       -0.0        1.0       -0.0       -0.0       -0.0        -0.0   0.0332      -0.0              -0.0   0.4514       0.0               0.0   0.6545   0.6886   0.2391   0.8596   0.2643     -0.0        -0.0      0.0        -0.0   0.0385        -0.0  -0.0198         0.0      1.0         0.0     -0.0        -0.0
       alpha_4_k2 │   0.005  -0.0       -0.0        0.0        0.0        0.0       -0.0    -0.2411        0.0      0.868        0.0     -0.434         0.0   0.0828       0.0               0.0  -0.0339      -0.0              -0.0  -0.0046  -0.0049   0.0684  -0.2769   0.1882      0.0      0.2201      0.0      0.2201   0.0257     -0.2387  -0.0132     -0.3903      0.0         1.0      0.0     -0.6953
           b_5_k2 │  0.6104   0.0       -0.0        0.0        0.0       -0.0       -0.0        0.0       -0.0        0.0        1.0       -0.0         0.0   0.0332       0.0               0.0   0.4514      -0.0              -0.0   0.6545   0.6886   0.2391   0.2643   0.8596      0.0        -0.0      0.0        -0.0   0.0385         0.0  -0.0198         0.0     -0.0         0.0      1.0        -0.0
       alpha_5_k2 │   0.005   0.0        0.0       -0.0       -0.0       -0.0        0.0    -0.2411       -0.0     -0.434       -0.0      0.868        -0.0   0.0828       0.0              -0.0  -0.0339      -0.0              -0.0  -0.0046  -0.0049   0.0684   0.1882  -0.2769     -0.0      0.2201     -0.0      0.2201   0.0257     -0.2387  -0.0132     -0.3903     -0.0     -0.6953     -0.0         1.0
──────────────────┴──────────────────────────────────────────────────────────────────────────────────────────────────────────────────────────────────────────────────────────────────────────────────────────────────────────────────────────────────────────────────────────────────────────────────────────────────────────────────────────────────────────────────────────────────────────────────────────────

  AUTOCORRELATION COEFFICIENTS

──────────────────┬────────────────────────────────────────
                  │   1       2       3       4       5
───────────────────────────────────────────────────────────
                L │    0.9    0.81   0.729  0.6561  0.5905
                c │ 0.8362  0.7525  0.6773  0.6096  0.5486
        omega_G_1 │    0.9    0.81   0.729  0.6561  0.5905
        omega_a_1 │    0.9    0.81   0.729  0.6561  0.5905
        omega_G_2 │    0.9    0.81   0.729  0.6561  0.5905
        omega_a_2 │    0.9    0.81   0.729  0.6561  0.5905
        omega_G_3 │    0.9    0.81   0.729  0.6561  0.5905
        omega_a_3 │    0.9    0.81   0.729  0.6561  0.5905
        omega_G_4 │    0.9    0.81   0.729  0.6561  0.5905
        omega_a_4 │    0.9    0.81   0.729  0.6561  0.5905
